 0.00000000e+00  0.00000000e+00 
 1.00000000e-10  6.22415760e-06 
 1.08403487e-10  6.79114872e-06 
 1.25210462e-10  8.01301604e-06 
 1.58824410e-10  1.09840059e-05 
 2.26052308e-10  1.90344550e-05 
 3.60508103e-10  4.35648190e-05 
 6.29419692e-10  1.26308151e-04 
 1.16724287e-09  4.26243686e-04 
 2.24288923e-09  1.56166636e-03 
 4.39418195e-09  5.95690138e-03 
 8.69676738e-09  2.31045161e-02 
 1.00000000e-08  3.04736066e-02 
 1.08605171e-08  3.56410999e-02 
 1.25815513e-08  4.59210012e-02 
 1.60236196e-08  6.61537974e-02 
 2.29077563e-08  1.05345674e-01 
 3.29077563e-08  1.59373922e-01 
 4.29077563e-08  2.10139363e-01 
 5.29077563e-08  2.57839040e-01 
 6.29077563e-08  3.02658098e-01 
 7.29077563e-08  3.44770498e-01 
 8.29077563e-08  3.84339698e-01 
 9.29077563e-08  4.21519284e-01 
 1.02907756e-07  4.56453567e-01 
 1.12907756e-07  4.89278141e-01 
 1.22907756e-07  5.20120414e-01 
 1.32907756e-07  5.49100099e-01 
 1.42907756e-07  5.76329678e-01 
 1.52907756e-07  6.01914843e-01 
 1.62907756e-07  6.25954900e-01 
 1.72907756e-07  6.48543159e-01 
 1.82907756e-07  6.69767296e-01 
 1.92907756e-07  6.89709692e-01 
 2.02907756e-07  7.08447750e-01 
 2.12907756e-07  7.26054203e-01 
 2.22907756e-07  7.42597389e-01 
 2.32907756e-07  7.58141520e-01 
 2.42907756e-07  7.72746928e-01 
 2.52907756e-07  7.86470305e-01 
 2.62907756e-07  7.99364916e-01 
 2.72907756e-07  8.11480812e-01 
 2.82907756e-07  8.22865020e-01 
 2.92907756e-07  8.33561727e-01 
 3.02907756e-07  8.43612451e-01 
 3.12907756e-07  8.53056205e-01 
 3.22907756e-07  8.61929643e-01 
 3.32907756e-07  8.70267208e-01 
 3.42907756e-07  8.78101260e-01 
 3.52907756e-07  8.85462208e-01 
 3.62907756e-07  8.92378623e-01 
 3.72907756e-07  8.98877350e-01 
 3.82907756e-07  9.04983614e-01 
 3.92907756e-07  9.10721116e-01 
 4.02907756e-07  9.16112126e-01 
 4.12907756e-07  9.21177569e-01 
 4.22907756e-07  9.25937106e-01 
 4.32907756e-07  9.30409211e-01 
 4.42907756e-07  9.34611242e-01 
 4.52907756e-07  9.38559509e-01 
 4.62907756e-07  9.42269337e-01 
 4.72907756e-07  9.45755126e-01 
 4.82907756e-07  9.49030406e-01 
 4.92907756e-07  9.52107888e-01 
 5.02907756e-07  9.54999520e-01 
 5.12907756e-07  9.57716523e-01 
 5.22907756e-07  9.60269445e-01 
 5.32907756e-07  9.62668193e-01 
 5.42907756e-07  9.64922080e-01 
 5.52907756e-07  9.67039852e-01 
 5.62907756e-07  9.69029731e-01 
 5.72907756e-07  9.70899439e-01 
 5.82907756e-07  9.72656234e-01 
 5.92907756e-07  9.74306935e-01 
 6.02907756e-07  9.75857949e-01 
 6.12907756e-07  9.77315296e-01 
 6.22907756e-07  9.78684633e-01 
 6.32907756e-07  9.79971274e-01 
 6.42907756e-07  9.81180214e-01 
 6.52907756e-07  9.82316145e-01 
 6.62907756e-07  9.83383477e-01 
 6.72907756e-07  9.84386352e-01 
 6.82907756e-07  9.85328662e-01 
 6.92907756e-07  9.86214065e-01 
 7.02907756e-07  9.87045998e-01 
 7.12907756e-07  9.87827690e-01 
 7.22907756e-07  9.88562176e-01 
 7.32907756e-07  9.89252305e-01 
 7.42907756e-07  9.89900756e-01 
 7.52907756e-07  9.90510047e-01 
 7.62907756e-07  9.91082543e-01 
 7.72907756e-07  9.91620465e-01 
 7.82907756e-07  9.92125902e-01 
 7.92907756e-07  9.92600814e-01 
 8.02907756e-07  9.93047047e-01 
 8.12907756e-07  9.93466331e-01 
 8.22907756e-07  9.93860294e-01 
 8.32907756e-07  9.94230466e-01 
 8.42907756e-07  9.94578283e-01 
 8.52907756e-07  9.94905094e-01 
 8.62907756e-07  9.95212170e-01 
 8.72907756e-07  9.95500700e-01 
 8.82907756e-07  9.95771807e-01 
 8.92907756e-07  9.96026541e-01 
 9.02907756e-07  9.96265891e-01 
 9.12907756e-07  9.96490787e-01 
 9.22907756e-07  9.96702101e-01 
 9.32907756e-07  9.96900653e-01 
 9.42907756e-07  9.97087215e-01 
 9.52907756e-07  9.97262511e-01 
 9.62907756e-07  9.97427220e-01 
 9.72907756e-07  9.97581982e-01 
 9.82907756e-07  9.97727398e-01 
 9.92907756e-07  9.97864032e-01 
 1.00290776e-06  9.97992415e-01 
 1.01290776e-06  9.98113045e-01 
 1.02290776e-06  9.98226390e-01 
 1.03290776e-06  9.98332889e-01 
 1.04290776e-06  9.98432957e-01 
 1.05290776e-06  9.98526982e-01 
 1.06290776e-06  9.98615329e-01 
 1.07290776e-06  9.98698340e-01 
 1.08290776e-06  9.98776339e-01 
 1.09290776e-06  9.98849627e-01 
 1.10290776e-06  9.98918489e-01 
 1.11290776e-06  9.98983192e-01 
 1.12290776e-06  9.99043988e-01 
 1.13290776e-06  9.99101112e-01 
 1.14290776e-06  9.99154787e-01 
 1.15290776e-06  9.99205220e-01 
 1.16290776e-06  9.99252607e-01 
 1.17290776e-06  9.99297133e-01 
 1.18290776e-06  9.99338970e-01 
 1.19290776e-06  9.99378280e-01 
 1.20290776e-06  9.99415216e-01 
 1.21290776e-06  9.99449922e-01 
 1.22290776e-06  9.99482531e-01 
 1.23290776e-06  9.99513172e-01 
 1.24290776e-06  9.99541962e-01 
 1.25290776e-06  9.99569013e-01 
 1.26290776e-06  9.99594431e-01 
 1.27290776e-06  9.99618314e-01 
 1.28290776e-06  9.99640754e-01 
 1.29290776e-06  9.99661839e-01 
 1.30290776e-06  9.99681651e-01 
 1.31290776e-06  9.99700266e-01 
 1.32290776e-06  9.99717758e-01 
 1.33290776e-06  9.99734192e-01 
 1.34290776e-06  9.99749635e-01 
 1.35290776e-06  9.99764145e-01 
 1.36290776e-06  9.99777778e-01 
 1.37290776e-06  9.99790588e-01 
 1.38290776e-06  9.99802625e-01 
 1.39290776e-06  9.99813935e-01 
 1.40290776e-06  9.99824561e-01 
 1.41290776e-06  9.99834546e-01 
 1.42290776e-06  9.99843928e-01 
 1.43290776e-06  9.99852744e-01 
 1.44290776e-06  9.99861027e-01 
 1.45290776e-06  9.99868809e-01 
 1.46290776e-06  9.99876122e-01 
 1.47290776e-06  9.99882993e-01 
 1.48290776e-06  9.99889449e-01 
 1.49290776e-06  9.99895516e-01 
 1.50290776e-06  9.99901216e-01 
 1.51290776e-06  9.99906571e-01 
 1.52290776e-06  9.99911604e-01 
 1.53290776e-06  9.99916332e-01 
 1.54290776e-06  9.99920775e-01 
 1.55290776e-06  9.99924949e-01 
 1.56290776e-06  9.99928872e-01 
 1.57290776e-06  9.99932557e-01 
 1.58290776e-06  9.99936020e-01 
 1.59290776e-06  9.99939274e-01 
 1.60290776e-06  9.99942332e-01 
 1.61290776e-06  9.99945204e-01 
 1.62290776e-06  9.99947903e-01 
 1.63290776e-06  9.99950440e-01 
 1.64290776e-06  9.99952823e-01 
 1.65290776e-06  9.99955062e-01 
 1.66290776e-06  9.99957166e-01 
 1.67290776e-06  9.99959143e-01 
 1.68290776e-06  9.99961000e-01 
 1.69290776e-06  9.99962745e-01 
 1.70290776e-06  9.99964385e-01 
 1.71290776e-06  9.99965926e-01 
 1.72290776e-06  9.99967374e-01 
 1.73290776e-06  9.99968734e-01 
 1.74290776e-06  9.99970013e-01 
 1.75290776e-06  9.99971214e-01 
 1.76290776e-06  9.99972342e-01 
 1.77290776e-06  9.99973402e-01 
 1.78290776e-06  9.99974399e-01 
 1.79290776e-06  9.99975335e-01 
 1.80290776e-06  9.99976214e-01 
 1.81290776e-06  9.99977041e-01 
 1.82290776e-06  9.99977818e-01 
 1.83290776e-06  9.99978547e-01 
 1.84290776e-06  9.99979233e-01 
 1.85290776e-06  9.99979877e-01 
 1.86290776e-06  9.99980482e-01 
 1.87290776e-06  9.99981051e-01 
 1.88290776e-06  9.99981585e-01 
 1.89290776e-06  9.99982088e-01 
 1.90290776e-06  9.99982559e-01 
 1.91290776e-06  9.99983003e-01 
 1.92290776e-06  9.99983419e-01 
 1.93290776e-06  9.99983811e-01 
 1.94290776e-06  9.99984178e-01 
 1.95290776e-06  9.99984524e-01 
 1.96290776e-06  9.99984849e-01 
 1.97290776e-06  9.99985154e-01 
 1.98290776e-06  9.99985440e-01 
 1.99290776e-06  9.99985710e-01 
 2.00290776e-06  9.99985963e-01 
 2.01290776e-06  9.99986200e-01 
 2.02290776e-06  9.99986424e-01 
 2.03290776e-06  9.99986634e-01 
 2.04290776e-06  9.99986831e-01 
 2.05290776e-06  9.99987016e-01 
 2.06290776e-06  9.99987191e-01 
 2.07290776e-06  9.99987354e-01 
 2.08290776e-06  9.99987508e-01 
 2.09290776e-06  9.99987652e-01 
 2.10290776e-06  9.99987788e-01 
 2.11290776e-06  9.99987916e-01 
 2.12290776e-06  9.99988036e-01 
 2.13290776e-06  9.99988148e-01 
 2.14290776e-06  9.99988254e-01 
 2.15290776e-06  9.99988353e-01 
 2.16290776e-06  9.99988447e-01 
 2.17290776e-06  9.99988535e-01 
 2.18290776e-06  9.99988617e-01 
 2.19290776e-06  9.99988694e-01 
 2.20290776e-06  9.99988767e-01 
 2.21290776e-06  9.99988836e-01 
 2.22290776e-06  9.99988900e-01 
 2.23290776e-06  9.99988960e-01 
 2.24290776e-06  9.99989017e-01 
 2.25290776e-06  9.99989070e-01 
 2.26290776e-06  9.99989121e-01 
 2.27290776e-06  9.99989168e-01 
 2.28290776e-06  9.99989212e-01 
 2.29290776e-06  9.99989253e-01 
 2.30290776e-06  9.99989292e-01 
 2.31290776e-06  9.99989329e-01 
 2.32290776e-06  9.99989364e-01 
 2.33290776e-06  9.99989396e-01 
 2.34290776e-06  9.99989427e-01 
 2.35290776e-06  9.99989455e-01 
 2.36290776e-06  9.99989482e-01 
 2.37290776e-06  9.99989507e-01 
 2.38290776e-06  9.99989531e-01 
 2.39290776e-06  9.99989553e-01 
 2.40290776e-06  9.99989574e-01 
 2.41290776e-06  9.99989594e-01 
 2.42290776e-06  9.99989612e-01 
 2.43290776e-06  9.99989630e-01 
 2.44290776e-06  9.99989646e-01 
 2.45290776e-06  9.99989661e-01 
 2.46290776e-06  9.99989676e-01 
 2.47290776e-06  9.99989689e-01 
 2.48290776e-06  9.99989702e-01 
 2.49290776e-06  9.99989714e-01 
 2.50290776e-06  9.99989725e-01 
 2.51290776e-06  9.99989736e-01 
 2.52290776e-06  9.99989746e-01 
 2.53290776e-06  9.99989755e-01 
 2.54290776e-06  9.99989764e-01 
 2.55290776e-06  9.99989772e-01 
 2.56290776e-06  9.99989780e-01 
 2.57290776e-06  9.99989787e-01 
 2.58290776e-06  9.99989794e-01 
 2.59290776e-06  9.99989800e-01 
 2.60290776e-06  9.99989806e-01 
 2.61290776e-06  9.99989812e-01 
 2.62290776e-06  9.99989817e-01 
 2.63290776e-06  9.99989822e-01 
 2.64290776e-06  9.99989827e-01 
 2.65290776e-06  9.99989831e-01 
 2.66290776e-06  9.99989836e-01 
 2.67290776e-06  9.99989839e-01 
 2.68290776e-06  9.99989843e-01 
 2.69290776e-06  9.99989847e-01 
 2.70290776e-06  9.99989850e-01 
 2.71290776e-06  9.99989853e-01 
 2.72290776e-06  9.99989856e-01 
 2.73290776e-06  9.99989858e-01 
 2.74290776e-06  9.99989861e-01 
 2.75290776e-06  9.99989863e-01 
 2.76290776e-06  9.99989866e-01 
 2.77290776e-06  9.99989868e-01 
 2.78290776e-06  9.99989870e-01 
 2.79290776e-06  9.99989871e-01 
 2.80290776e-06  9.99989873e-01 
 2.81290776e-06  9.99989875e-01 
 2.82290776e-06  9.99989876e-01 
 2.83290776e-06  9.99989878e-01 
 2.84290776e-06  9.99989879e-01 
 2.85290776e-06  9.99989880e-01 
 2.86290776e-06  9.99989882e-01 
 2.87290776e-06  9.99989883e-01 
 2.88290776e-06  9.99989884e-01 
 2.89290776e-06  9.99989885e-01 
 2.90290776e-06  9.99989886e-01 
 2.91290776e-06  9.99989887e-01 
 2.92290776e-06  9.99989887e-01 
 2.93290776e-06  9.99989888e-01 
 2.94290776e-06  9.99989889e-01 
 2.95290776e-06  9.99989890e-01 
 2.96290776e-06  9.99989890e-01 
 2.97290776e-06  9.99989891e-01 
 2.98290776e-06  9.99989891e-01 
 2.99290776e-06  9.99989892e-01 
 3.00290776e-06  9.99989892e-01 
 3.01290776e-06  9.99989893e-01 
 3.02290776e-06  9.99989893e-01 
 3.03290776e-06  9.99989894e-01 
 3.04290776e-06  9.99989894e-01 
 3.05290776e-06  9.99989894e-01 
 3.06290776e-06  9.99989895e-01 
 3.07290776e-06  9.99989895e-01 
 3.08290776e-06  9.99989895e-01 
 3.09290776e-06  9.99989896e-01 
 3.10290776e-06  9.99989896e-01 
 3.11290776e-06  9.99989896e-01 
 3.12290776e-06  9.99989896e-01 
 3.13290776e-06  9.99989897e-01 
 3.14290776e-06  9.99989897e-01 
 3.15290776e-06  9.99989897e-01 
 3.16290776e-06  9.99989897e-01 
 3.17290776e-06  9.99989897e-01 
 3.18290776e-06  9.99989898e-01 
 3.19290776e-06  9.99989898e-01 
 3.20290776e-06  9.99989898e-01 
 3.21290776e-06  9.99989898e-01 
 3.22290776e-06  9.99989898e-01 
 3.23290776e-06  9.99989898e-01 
 3.24290776e-06  9.99989898e-01 
 3.25290776e-06  9.99989898e-01 
 3.26290776e-06  9.99989899e-01 
 3.27290776e-06  9.99989899e-01 
 3.28290776e-06  9.99989899e-01 
 3.29290776e-06  9.99989899e-01 
 3.30290776e-06  9.99989899e-01 
 3.31290776e-06  9.99989899e-01 
 3.32290776e-06  9.99989899e-01 
 3.33290776e-06  9.99989899e-01 
 3.34290776e-06  9.99989899e-01 
 3.35290776e-06  9.99989899e-01 
 3.36290776e-06  9.99989899e-01 
 3.37290776e-06  9.99989899e-01 
 3.38290776e-06  9.99989899e-01 
 3.39290776e-06  9.99989899e-01 
 3.40290776e-06  9.99989899e-01 
 3.41290776e-06  9.99989900e-01 
 3.42290776e-06  9.99989900e-01 
 3.43290776e-06  9.99989900e-01 
 3.44290776e-06  9.99989900e-01 
 3.45290776e-06  9.99989900e-01 
 3.46290776e-06  9.99989900e-01 
 3.47290776e-06  9.99989900e-01 
 3.48290776e-06  9.99989900e-01 
 3.49290776e-06  9.99989900e-01 
 3.50290776e-06  9.99989900e-01 
 3.51290776e-06  9.99989900e-01 
 3.52290776e-06  9.99989900e-01 
 3.53290776e-06  9.99989900e-01 
 3.54290776e-06  9.99989900e-01 
 3.55290776e-06  9.99989900e-01 
 3.56290776e-06  9.99989900e-01 
 3.57290776e-06  9.99989900e-01 
 3.58290776e-06  9.99989900e-01 
 3.59290776e-06  9.99989900e-01 
 3.60290776e-06  9.99989900e-01 
 3.61290776e-06  9.99989900e-01 
 3.62290776e-06  9.99989900e-01 
 3.63290776e-06  9.99989900e-01 
 3.64290776e-06  9.99989900e-01 
 3.65290776e-06  9.99989900e-01 
 3.66290776e-06  9.99989900e-01 
 3.67290776e-06  9.99989900e-01 
 3.68290776e-06  9.99989900e-01 
 3.69290776e-06  9.99989900e-01 
 3.70290776e-06  9.99989900e-01 
 3.71290776e-06  9.99989900e-01 
 3.72290776e-06  9.99989900e-01 
 3.73290776e-06  9.99989900e-01 
 3.74290776e-06  9.99989900e-01 
 3.75290776e-06  9.99989900e-01 
 3.76290776e-06  9.99989900e-01 
 3.77290776e-06  9.99989900e-01 
 3.78290776e-06  9.99989900e-01 
 3.79290776e-06  9.99989900e-01 
 3.80290776e-06  9.99989900e-01 
 3.81290776e-06  9.99989900e-01 
 3.82290776e-06  9.99989900e-01 
 3.83290776e-06  9.99989900e-01 
 3.84290776e-06  9.99989900e-01 
 3.85290776e-06  9.99989900e-01 
 3.86290776e-06  9.99989900e-01 
 3.87290776e-06  9.99989900e-01 
 3.88290776e-06  9.99989900e-01 
 3.89290776e-06  9.99989900e-01 
 3.90290776e-06  9.99989900e-01 
 3.91290776e-06  9.99989900e-01 
 3.92290776e-06  9.99989900e-01 
 3.93290776e-06  9.99989900e-01 
 3.94290776e-06  9.99989900e-01 
 3.95290776e-06  9.99989900e-01 
 3.96290776e-06  9.99989900e-01 
 3.97290776e-06  9.99989900e-01 
 3.98290776e-06  9.99989900e-01 
 3.99290776e-06  9.99989900e-01 
 4.00290776e-06  9.99989900e-01 
 4.01290776e-06  9.99989900e-01 
 4.02290776e-06  9.99989900e-01 
 4.03290776e-06  9.99989900e-01 
 4.04290776e-06  9.99989900e-01 
 4.05290776e-06  9.99989900e-01 
 4.06290776e-06  9.99989900e-01 
 4.07290776e-06  9.99989900e-01 
 4.08290776e-06  9.99989900e-01 
 4.09290776e-06  9.99989900e-01 
 4.10290776e-06  9.99989900e-01 
 4.11290776e-06  9.99989900e-01 
 4.12290776e-06  9.99989900e-01 
 4.13290776e-06  9.99989900e-01 
 4.14290776e-06  9.99989900e-01 
 4.15290776e-06  9.99989900e-01 
 4.16290776e-06  9.99989900e-01 
 4.17290776e-06  9.99989900e-01 
 4.18290776e-06  9.99989900e-01 
 4.19290776e-06  9.99989900e-01 
 4.20290776e-06  9.99989900e-01 
 4.21290776e-06  9.99989900e-01 
 4.22290776e-06  9.99989900e-01 
 4.23290776e-06  9.99989900e-01 
 4.24290776e-06  9.99989900e-01 
 4.25290776e-06  9.99989900e-01 
 4.26290776e-06  9.99989900e-01 
 4.27290776e-06  9.99989900e-01 
 4.28290776e-06  9.99989900e-01 
 4.29290776e-06  9.99989900e-01 
 4.30290776e-06  9.99989900e-01 
 4.31290776e-06  9.99989900e-01 
 4.32290776e-06  9.99989900e-01 
 4.33290776e-06  9.99989900e-01 
 4.34290776e-06  9.99989900e-01 
 4.35290776e-06  9.99989900e-01 
 4.36290776e-06  9.99989900e-01 
 4.37290776e-06  9.99989900e-01 
 4.38290776e-06  9.99989900e-01 
 4.39290776e-06  9.99989900e-01 
 4.40290776e-06  9.99989900e-01 
 4.41290776e-06  9.99989900e-01 
 4.42290776e-06  9.99989900e-01 
 4.43290776e-06  9.99989900e-01 
 4.44290776e-06  9.99989900e-01 
 4.45290776e-06  9.99989900e-01 
 4.46290776e-06  9.99989900e-01 
 4.47290776e-06  9.99989900e-01 
 4.48290776e-06  9.99989900e-01 
 4.49290776e-06  9.99989900e-01 
 4.50290776e-06  9.99989900e-01 
 4.51290776e-06  9.99989900e-01 
 4.52290776e-06  9.99989900e-01 
 4.53290776e-06  9.99989900e-01 
 4.54290776e-06  9.99989900e-01 
 4.55290776e-06  9.99989900e-01 
 4.56290776e-06  9.99989900e-01 
 4.57290776e-06  9.99989900e-01 
 4.58290776e-06  9.99989900e-01 
 4.59290776e-06  9.99989900e-01 
 4.60290776e-06  9.99989900e-01 
 4.61290776e-06  9.99989900e-01 
 4.62290776e-06  9.99989900e-01 
 4.63290776e-06  9.99989900e-01 
 4.64290776e-06  9.99989900e-01 
 4.65290776e-06  9.99989900e-01 
 4.66290776e-06  9.99989900e-01 
 4.67290776e-06  9.99989900e-01 
 4.68290776e-06  9.99989900e-01 
 4.69290776e-06  9.99989900e-01 
 4.70290776e-06  9.99989900e-01 
 4.71290776e-06  9.99989900e-01 
 4.72290776e-06  9.99989900e-01 
 4.73290776e-06  9.99989900e-01 
 4.74290776e-06  9.99989900e-01 
 4.75290776e-06  9.99989900e-01 
 4.76290776e-06  9.99989900e-01 
 4.77290776e-06  9.99989900e-01 
 4.78290776e-06  9.99989900e-01 
 4.79290776e-06  9.99989900e-01 
 4.80290776e-06  9.99989900e-01 
 4.81290776e-06  9.99989900e-01 
 4.82290776e-06  9.99989900e-01 
 4.83290776e-06  9.99989900e-01 
 4.84290776e-06  9.99989900e-01 
 4.85290776e-06  9.99989900e-01 
 4.86290776e-06  9.99989900e-01 
 4.87290776e-06  9.99989900e-01 
 4.88290776e-06  9.99989900e-01 
 4.89290776e-06  9.99989900e-01 
 4.90290776e-06  9.99989900e-01 
 4.91290776e-06  9.99989900e-01 
 4.92290776e-06  9.99989900e-01 
 4.93290776e-06  9.99989900e-01 
 4.94290776e-06  9.99989900e-01 
 4.95290776e-06  9.99989900e-01 
 4.96290776e-06  9.99989900e-01 
 4.97290776e-06  9.99989900e-01 
 4.98290776e-06  9.99989900e-01 
 4.99290776e-06  9.99989900e-01 
 5.00290776e-06  9.99989900e-01 
 5.01290776e-06  9.99989900e-01 
 5.02290776e-06  9.99989900e-01 
 5.03290776e-06  9.99989900e-01 
 5.04290776e-06  9.99989900e-01 
 5.05290776e-06  9.99989900e-01 
 5.06290776e-06  9.99989900e-01 
 5.07290776e-06  9.99989900e-01 
 5.08290776e-06  9.99989900e-01 
 5.09290776e-06  9.99989900e-01 
 5.10290776e-06  9.99989900e-01 
 5.11290776e-06  9.99989900e-01 
 5.12290776e-06  9.99989900e-01 
 5.13290776e-06  9.99989900e-01 
 5.14290776e-06  9.99989900e-01 
 5.15290776e-06  9.99989900e-01 
 5.16290776e-06  9.99989900e-01 
 5.17290776e-06  9.99989900e-01 
 5.18290776e-06  9.99989900e-01 
 5.19290776e-06  9.99989900e-01 
 5.20290776e-06  9.99989900e-01 
 5.21290776e-06  9.99989900e-01 
 5.22290776e-06  9.99989900e-01 
 5.23290776e-06  9.99989900e-01 
 5.24290776e-06  9.99989900e-01 
 5.25290776e-06  9.99989900e-01 
 5.26290776e-06  9.99989900e-01 
 5.27290776e-06  9.99989900e-01 
 5.28290776e-06  9.99989900e-01 
 5.29290776e-06  9.99989900e-01 
 5.30290776e-06  9.99989900e-01 
 5.31290776e-06  9.99989900e-01 
 5.32290776e-06  9.99989900e-01 
 5.33290776e-06  9.99989900e-01 
 5.34290776e-06  9.99989900e-01 
 5.35290776e-06  9.99989900e-01 
 5.36290776e-06  9.99989900e-01 
 5.37290776e-06  9.99989900e-01 
 5.38290776e-06  9.99989900e-01 
 5.39290776e-06  9.99989900e-01 
 5.40290776e-06  9.99989900e-01 
 5.41290776e-06  9.99989900e-01 
 5.42290776e-06  9.99989900e-01 
 5.43290776e-06  9.99989900e-01 
 5.44290776e-06  9.99989900e-01 
 5.45290776e-06  9.99989900e-01 
 5.46290776e-06  9.99989900e-01 
 5.47290776e-06  9.99989900e-01 
 5.48290776e-06  9.99989900e-01 
 5.49290776e-06  9.99989900e-01 
 5.50290776e-06  9.99989900e-01 
 5.51290776e-06  9.99989900e-01 
 5.52290776e-06  9.99989900e-01 
 5.53290776e-06  9.99989900e-01 
 5.54290776e-06  9.99989900e-01 
 5.55290776e-06  9.99989900e-01 
 5.56290776e-06  9.99989900e-01 
 5.57290776e-06  9.99989900e-01 
 5.58290776e-06  9.99989900e-01 
 5.59290776e-06  9.99989900e-01 
 5.60290776e-06  9.99989900e-01 
 5.61290776e-06  9.99989900e-01 
 5.62290776e-06  9.99989900e-01 
 5.63290776e-06  9.99989900e-01 
 5.64290776e-06  9.99989900e-01 
 5.65290776e-06  9.99989900e-01 
 5.66290776e-06  9.99989900e-01 
 5.67290776e-06  9.99989900e-01 
 5.68290776e-06  9.99989900e-01 
 5.69290776e-06  9.99989900e-01 
 5.70290776e-06  9.99989900e-01 
 5.71290776e-06  9.99989900e-01 
 5.72290776e-06  9.99989900e-01 
 5.73290776e-06  9.99989900e-01 
 5.74290776e-06  9.99989900e-01 
 5.75290776e-06  9.99989900e-01 
 5.76290776e-06  9.99989900e-01 
 5.77290776e-06  9.99989900e-01 
 5.78290776e-06  9.99989900e-01 
 5.79290776e-06  9.99989900e-01 
 5.80290776e-06  9.99989900e-01 
 5.81290776e-06  9.99989900e-01 
 5.82290776e-06  9.99989900e-01 
 5.83290776e-06  9.99989900e-01 
 5.84290776e-06  9.99989900e-01 
 5.85290776e-06  9.99989900e-01 
 5.86290776e-06  9.99989900e-01 
 5.87290776e-06  9.99989900e-01 
 5.88290776e-06  9.99989900e-01 
 5.89290776e-06  9.99989900e-01 
 5.90290776e-06  9.99989900e-01 
 5.91290776e-06  9.99989900e-01 
 5.92290776e-06  9.99989900e-01 
 5.93290776e-06  9.99989900e-01 
 5.94290776e-06  9.99989900e-01 
 5.95290776e-06  9.99989900e-01 
 5.96290776e-06  9.99989900e-01 
 5.97290776e-06  9.99989900e-01 
 5.98290776e-06  9.99989900e-01 
 5.99290776e-06  9.99989900e-01 
 6.00290776e-06  9.99989900e-01 
 6.01290776e-06  9.99989900e-01 
 6.02290776e-06  9.99989900e-01 
 6.03290776e-06  9.99989900e-01 
 6.04290776e-06  9.99989900e-01 
 6.05290776e-06  9.99989900e-01 
 6.06290776e-06  9.99989900e-01 
 6.07290776e-06  9.99989900e-01 
 6.08290776e-06  9.99989900e-01 
 6.09290776e-06  9.99989900e-01 
 6.10290776e-06  9.99989900e-01 
 6.11290776e-06  9.99989900e-01 
 6.12290776e-06  9.99989900e-01 
 6.13290776e-06  9.99989900e-01 
 6.14290776e-06  9.99989900e-01 
 6.15290776e-06  9.99989900e-01 
 6.16290776e-06  9.99989900e-01 
 6.17290776e-06  9.99989900e-01 
 6.18290776e-06  9.99989900e-01 
 6.19290776e-06  9.99989900e-01 
 6.20290776e-06  9.99989900e-01 
 6.21290776e-06  9.99989900e-01 
 6.22290776e-06  9.99989900e-01 
 6.23290776e-06  9.99989900e-01 
 6.24290776e-06  9.99989900e-01 
 6.25290776e-06  9.99989900e-01 
 6.26290776e-06  9.99989900e-01 
 6.27290776e-06  9.99989900e-01 
 6.28290776e-06  9.99989900e-01 
 6.29290776e-06  9.99989900e-01 
 6.30290776e-06  9.99989900e-01 
 6.31290776e-06  9.99989900e-01 
 6.32290776e-06  9.99989900e-01 
 6.33290776e-06  9.99989900e-01 
 6.34290776e-06  9.99989900e-01 
 6.35290776e-06  9.99989900e-01 
 6.36290776e-06  9.99989900e-01 
 6.37290776e-06  9.99989900e-01 
 6.38290776e-06  9.99989900e-01 
 6.39290776e-06  9.99989900e-01 
 6.40290776e-06  9.99989900e-01 
 6.41290776e-06  9.99989900e-01 
 6.42290776e-06  9.99989900e-01 
 6.43290776e-06  9.99989900e-01 
 6.44290776e-06  9.99989900e-01 
 6.45290776e-06  9.99989900e-01 
 6.46290776e-06  9.99989900e-01 
 6.47290776e-06  9.99989900e-01 
 6.48290776e-06  9.99989900e-01 
 6.49290776e-06  9.99989900e-01 
 6.50290776e-06  9.99989900e-01 
 6.51290776e-06  9.99989900e-01 
 6.52290776e-06  9.99989900e-01 
 6.53290776e-06  9.99989900e-01 
 6.54290776e-06  9.99989900e-01 
 6.55290776e-06  9.99989900e-01 
 6.56290776e-06  9.99989900e-01 
 6.57290776e-06  9.99989900e-01 
 6.58290776e-06  9.99989900e-01 
 6.59290776e-06  9.99989900e-01 
 6.60290776e-06  9.99989900e-01 
 6.61290776e-06  9.99989900e-01 
 6.62290776e-06  9.99989900e-01 
 6.63290776e-06  9.99989900e-01 
 6.64290776e-06  9.99989900e-01 
 6.65290776e-06  9.99989900e-01 
 6.66290776e-06  9.99989900e-01 
 6.67290776e-06  9.99989900e-01 
 6.68290776e-06  9.99989900e-01 
 6.69290776e-06  9.99989900e-01 
 6.70290776e-06  9.99989900e-01 
 6.71290776e-06  9.99989900e-01 
 6.72290776e-06  9.99989900e-01 
 6.73290776e-06  9.99989900e-01 
 6.74290776e-06  9.99989900e-01 
 6.75290776e-06  9.99989900e-01 
 6.76290776e-06  9.99989900e-01 
 6.77290776e-06  9.99989900e-01 
 6.78290776e-06  9.99989900e-01 
 6.79290776e-06  9.99989900e-01 
 6.80290776e-06  9.99989900e-01 
 6.81290776e-06  9.99989900e-01 
 6.82290776e-06  9.99989900e-01 
 6.83290776e-06  9.99989900e-01 
 6.84290776e-06  9.99989900e-01 
 6.85290776e-06  9.99989900e-01 
 6.86290776e-06  9.99989900e-01 
 6.87290776e-06  9.99989900e-01 
 6.88290776e-06  9.99989900e-01 
 6.89290776e-06  9.99989900e-01 
 6.90290776e-06  9.99989900e-01 
 6.91290776e-06  9.99989900e-01 
 6.92290776e-06  9.99989900e-01 
 6.93290776e-06  9.99989900e-01 
 6.94290776e-06  9.99989900e-01 
 6.95290776e-06  9.99989900e-01 
 6.96290776e-06  9.99989900e-01 
 6.97290776e-06  9.99989900e-01 
 6.98290776e-06  9.99989900e-01 
 6.99290776e-06  9.99989900e-01 
 7.00290776e-06  9.99989900e-01 
 7.01290776e-06  9.99989900e-01 
 7.02290776e-06  9.99989900e-01 
 7.03290776e-06  9.99989900e-01 
 7.04290776e-06  9.99989900e-01 
 7.05290776e-06  9.99989900e-01 
 7.06290776e-06  9.99989900e-01 
 7.07290776e-06  9.99989900e-01 
 7.08290776e-06  9.99989900e-01 
 7.09290776e-06  9.99989900e-01 
 7.10290776e-06  9.99989900e-01 
 7.11290776e-06  9.99989900e-01 
 7.12290776e-06  9.99989900e-01 
 7.13290776e-06  9.99989900e-01 
 7.14290776e-06  9.99989900e-01 
 7.15290776e-06  9.99989900e-01 
 7.16290776e-06  9.99989900e-01 
 7.17290776e-06  9.99989900e-01 
 7.18290776e-06  9.99989900e-01 
 7.19290776e-06  9.99989900e-01 
 7.20290776e-06  9.99989900e-01 
 7.21290776e-06  9.99989900e-01 
 7.22290776e-06  9.99989900e-01 
 7.23290776e-06  9.99989900e-01 
 7.24290776e-06  9.99989900e-01 
 7.25290776e-06  9.99989900e-01 
 7.26290776e-06  9.99989900e-01 
 7.27290776e-06  9.99989900e-01 
 7.28290776e-06  9.99989900e-01 
 7.29290776e-06  9.99989900e-01 
 7.30290776e-06  9.99989900e-01 
 7.31290776e-06  9.99989900e-01 
 7.32290776e-06  9.99989900e-01 
 7.33290776e-06  9.99989900e-01 
 7.34290776e-06  9.99989900e-01 
 7.35290776e-06  9.99989900e-01 
 7.36290776e-06  9.99989900e-01 
 7.37290776e-06  9.99989900e-01 
 7.38290776e-06  9.99989900e-01 
 7.39290776e-06  9.99989900e-01 
 7.40290776e-06  9.99989900e-01 
 7.41290776e-06  9.99989900e-01 
 7.42290776e-06  9.99989900e-01 
 7.43290776e-06  9.99989900e-01 
 7.44290776e-06  9.99989900e-01 
 7.45290776e-06  9.99989900e-01 
 7.46290776e-06  9.99989900e-01 
 7.47290776e-06  9.99989900e-01 
 7.48290776e-06  9.99989900e-01 
 7.49290776e-06  9.99989900e-01 
 7.50290776e-06  9.99989900e-01 
 7.51290776e-06  9.99989900e-01 
 7.52290776e-06  9.99989900e-01 
 7.53290776e-06  9.99989900e-01 
 7.54290776e-06  9.99989900e-01 
 7.55290776e-06  9.99989900e-01 
 7.56290776e-06  9.99989900e-01 
 7.57290776e-06  9.99989900e-01 
 7.58290776e-06  9.99989900e-01 
 7.59290776e-06  9.99989900e-01 
 7.60290776e-06  9.99989900e-01 
 7.61290776e-06  9.99989900e-01 
 7.62290776e-06  9.99989900e-01 
 7.63290776e-06  9.99989900e-01 
 7.64290776e-06  9.99989900e-01 
 7.65290776e-06  9.99989900e-01 
 7.66290776e-06  9.99989900e-01 
 7.67290776e-06  9.99989900e-01 
 7.68290776e-06  9.99989900e-01 
 7.69290776e-06  9.99989900e-01 
 7.70290776e-06  9.99989900e-01 
 7.71290776e-06  9.99989900e-01 
 7.72290776e-06  9.99989900e-01 
 7.73290776e-06  9.99989900e-01 
 7.74290776e-06  9.99989900e-01 
 7.75290776e-06  9.99989900e-01 
 7.76290776e-06  9.99989900e-01 
 7.77290776e-06  9.99989900e-01 
 7.78290776e-06  9.99989900e-01 
 7.79290776e-06  9.99989900e-01 
 7.80290776e-06  9.99989900e-01 
 7.81290776e-06  9.99989900e-01 
 7.82290776e-06  9.99989900e-01 
 7.83290776e-06  9.99989900e-01 
 7.84290776e-06  9.99989900e-01 
 7.85290776e-06  9.99989900e-01 
 7.86290776e-06  9.99989900e-01 
 7.87290776e-06  9.99989900e-01 
 7.88290776e-06  9.99989900e-01 
 7.89290776e-06  9.99989900e-01 
 7.90290776e-06  9.99989900e-01 
 7.91290776e-06  9.99989900e-01 
 7.92290776e-06  9.99989900e-01 
 7.93290776e-06  9.99989900e-01 
 7.94290776e-06  9.99989900e-01 
 7.95290776e-06  9.99989900e-01 
 7.96290776e-06  9.99989900e-01 
 7.97290776e-06  9.99989900e-01 
 7.98290776e-06  9.99989900e-01 
 7.99290776e-06  9.99989900e-01 
 8.00290776e-06  9.99989900e-01 
 8.01290776e-06  9.99989900e-01 
 8.02290776e-06  9.99989900e-01 
 8.03290776e-06  9.99989900e-01 
 8.04290776e-06  9.99989900e-01 
 8.05290776e-06  9.99989900e-01 
 8.06290776e-06  9.99989900e-01 
 8.07290776e-06  9.99989900e-01 
 8.08290776e-06  9.99989900e-01 
 8.09290776e-06  9.99989900e-01 
 8.10290776e-06  9.99989900e-01 
 8.11290776e-06  9.99989900e-01 
 8.12290776e-06  9.99989900e-01 
 8.13290776e-06  9.99989900e-01 
 8.14290776e-06  9.99989900e-01 
 8.15290776e-06  9.99989900e-01 
 8.16290776e-06  9.99989900e-01 
 8.17290776e-06  9.99989900e-01 
 8.18290776e-06  9.99989900e-01 
 8.19290776e-06  9.99989900e-01 
 8.20290776e-06  9.99989900e-01 
 8.21290776e-06  9.99989900e-01 
 8.22290776e-06  9.99989900e-01 
 8.23290776e-06  9.99989900e-01 
 8.24290776e-06  9.99989900e-01 
 8.25290776e-06  9.99989900e-01 
 8.26290776e-06  9.99989900e-01 
 8.27290776e-06  9.99989900e-01 
 8.28290776e-06  9.99989900e-01 
 8.29290776e-06  9.99989900e-01 
 8.30290776e-06  9.99989900e-01 
 8.31290776e-06  9.99989900e-01 
 8.32290776e-06  9.99989900e-01 
 8.33290776e-06  9.99989900e-01 
 8.34290776e-06  9.99989900e-01 
 8.35290776e-06  9.99989900e-01 
 8.36290776e-06  9.99989900e-01 
 8.37290776e-06  9.99989900e-01 
 8.38290776e-06  9.99989900e-01 
 8.39290776e-06  9.99989900e-01 
 8.40290776e-06  9.99989900e-01 
 8.41290776e-06  9.99989900e-01 
 8.42290776e-06  9.99989900e-01 
 8.43290776e-06  9.99989900e-01 
 8.44290776e-06  9.99989900e-01 
 8.45290776e-06  9.99989900e-01 
 8.46290776e-06  9.99989900e-01 
 8.47290776e-06  9.99989900e-01 
 8.48290776e-06  9.99989900e-01 
 8.49290776e-06  9.99989900e-01 
 8.50290776e-06  9.99989900e-01 
 8.51290776e-06  9.99989900e-01 
 8.52290776e-06  9.99989900e-01 
 8.53290776e-06  9.99989900e-01 
 8.54290776e-06  9.99989900e-01 
 8.55290776e-06  9.99989900e-01 
 8.56290776e-06  9.99989900e-01 
 8.57290776e-06  9.99989900e-01 
 8.58290776e-06  9.99989900e-01 
 8.59290776e-06  9.99989900e-01 
 8.60290776e-06  9.99989900e-01 
 8.61290776e-06  9.99989900e-01 
 8.62290776e-06  9.99989900e-01 
 8.63290776e-06  9.99989900e-01 
 8.64290776e-06  9.99989900e-01 
 8.65290776e-06  9.99989900e-01 
 8.66290776e-06  9.99989900e-01 
 8.67290776e-06  9.99989900e-01 
 8.68290776e-06  9.99989900e-01 
 8.69290776e-06  9.99989900e-01 
 8.70290776e-06  9.99989900e-01 
 8.71290776e-06  9.99989900e-01 
 8.72290776e-06  9.99989900e-01 
 8.73290776e-06  9.99989900e-01 
 8.74290776e-06  9.99989900e-01 
 8.75290776e-06  9.99989900e-01 
 8.76290776e-06  9.99989900e-01 
 8.77290776e-06  9.99989900e-01 
 8.78290776e-06  9.99989900e-01 
 8.79290776e-06  9.99989900e-01 
 8.80290776e-06  9.99989900e-01 
 8.81290776e-06  9.99989900e-01 
 8.82290776e-06  9.99989900e-01 
 8.83290776e-06  9.99989900e-01 
 8.84290776e-06  9.99989900e-01 
 8.85290776e-06  9.99989900e-01 
 8.86290776e-06  9.99989900e-01 
 8.87290776e-06  9.99989900e-01 
 8.88290776e-06  9.99989900e-01 
 8.89290776e-06  9.99989900e-01 
 8.90290776e-06  9.99989900e-01 
 8.91290776e-06  9.99989900e-01 
 8.92290776e-06  9.99989900e-01 
 8.93290776e-06  9.99989900e-01 
 8.94290776e-06  9.99989900e-01 
 8.95290776e-06  9.99989900e-01 
 8.96290776e-06  9.99989900e-01 
 8.97290776e-06  9.99989900e-01 
 8.98290776e-06  9.99989900e-01 
 8.99290776e-06  9.99989900e-01 
 9.00290776e-06  9.99989900e-01 
 9.01290776e-06  9.99989900e-01 
 9.02290776e-06  9.99989900e-01 
 9.03290776e-06  9.99989900e-01 
 9.04290776e-06  9.99989900e-01 
 9.05290776e-06  9.99989900e-01 
 9.06290776e-06  9.99989900e-01 
 9.07290776e-06  9.99989900e-01 
 9.08290776e-06  9.99989900e-01 
 9.09290776e-06  9.99989900e-01 
 9.10290776e-06  9.99989900e-01 
 9.11290776e-06  9.99989900e-01 
 9.12290776e-06  9.99989900e-01 
 9.13290776e-06  9.99989900e-01 
 9.14290776e-06  9.99989900e-01 
 9.15290776e-06  9.99989900e-01 
 9.16290776e-06  9.99989900e-01 
 9.17290776e-06  9.99989900e-01 
 9.18290776e-06  9.99989900e-01 
 9.19290776e-06  9.99989900e-01 
 9.20290776e-06  9.99989900e-01 
 9.21290776e-06  9.99989900e-01 
 9.22290776e-06  9.99989900e-01 
 9.23290776e-06  9.99989900e-01 
 9.24290776e-06  9.99989900e-01 
 9.25290776e-06  9.99989900e-01 
 9.26290776e-06  9.99989900e-01 
 9.27290776e-06  9.99989900e-01 
 9.28290776e-06  9.99989900e-01 
 9.29290776e-06  9.99989900e-01 
 9.30290776e-06  9.99989900e-01 
 9.31290776e-06  9.99989900e-01 
 9.32290776e-06  9.99989900e-01 
 9.33290776e-06  9.99989900e-01 
 9.34290776e-06  9.99989900e-01 
 9.35290776e-06  9.99989900e-01 
 9.36290776e-06  9.99989900e-01 
 9.37290776e-06  9.99989900e-01 
 9.38290776e-06  9.99989900e-01 
 9.39290776e-06  9.99989900e-01 
 9.40290776e-06  9.99989900e-01 
 9.41290776e-06  9.99989900e-01 
 9.42290776e-06  9.99989900e-01 
 9.43290776e-06  9.99989900e-01 
 9.44290776e-06  9.99989900e-01 
 9.45290776e-06  9.99989900e-01 
 9.46290776e-06  9.99989900e-01 
 9.47290776e-06  9.99989900e-01 
 9.48290776e-06  9.99989900e-01 
 9.49290776e-06  9.99989900e-01 
 9.50290776e-06  9.99989900e-01 
 9.51290776e-06  9.99989900e-01 
 9.52290776e-06  9.99989900e-01 
 9.53290776e-06  9.99989900e-01 
 9.54290776e-06  9.99989900e-01 
 9.55290776e-06  9.99989900e-01 
 9.56290776e-06  9.99989900e-01 
 9.57290776e-06  9.99989900e-01 
 9.58290776e-06  9.99989900e-01 
 9.59290776e-06  9.99989900e-01 
 9.60290776e-06  9.99989900e-01 
 9.61290776e-06  9.99989900e-01 
 9.62290776e-06  9.99989900e-01 
 9.63290776e-06  9.99989900e-01 
 9.64290776e-06  9.99989900e-01 
 9.65290776e-06  9.99989900e-01 
 9.66290776e-06  9.99989900e-01 
 9.67290776e-06  9.99989900e-01 
 9.68290776e-06  9.99989900e-01 
 9.69290776e-06  9.99989900e-01 
 9.70290776e-06  9.99989900e-01 
 9.71290776e-06  9.99989900e-01 
 9.72290776e-06  9.99989900e-01 
 9.73290776e-06  9.99989900e-01 
 9.74290776e-06  9.99989900e-01 
 9.75290776e-06  9.99989900e-01 
 9.76290776e-06  9.99989900e-01 
 9.77290776e-06  9.99989900e-01 
 9.78290776e-06  9.99989900e-01 
 9.79290776e-06  9.99989900e-01 
 9.80290776e-06  9.99989900e-01 
 9.81290776e-06  9.99989900e-01 
 9.82290776e-06  9.99989900e-01 
 9.83290776e-06  9.99989900e-01 
 9.84290776e-06  9.99989900e-01 
 9.85290776e-06  9.99989900e-01 
 9.86290776e-06  9.99989900e-01 
 9.87290776e-06  9.99989900e-01 
 9.88290776e-06  9.99989900e-01 
 9.89290776e-06  9.99989900e-01 
 9.90290776e-06  9.99989900e-01 
 9.91290776e-06  9.99989900e-01 
 9.92290776e-06  9.99989900e-01 
 9.93290776e-06  9.99989900e-01 
 9.94290776e-06  9.99989900e-01 
 9.95290776e-06  9.99989900e-01 
 9.96290776e-06  9.99989900e-01 
 9.97290776e-06  9.99989900e-01 
 9.98290776e-06  9.99989900e-01 
 9.99290776e-06  9.99989900e-01 
 1.00029078e-05  9.99989900e-01 
 1.00129078e-05  9.99989900e-01 
 1.00229078e-05  9.99989900e-01 
 1.00329078e-05  9.99989900e-01 
 1.00429078e-05  9.99989900e-01 
 1.00529078e-05  9.99989900e-01 
 1.00629078e-05  9.99989900e-01 
 1.00729078e-05  9.99989900e-01 
 1.00829078e-05  9.99989900e-01 
 1.00929078e-05  9.99989900e-01 
 1.01029078e-05  9.99989900e-01 
 1.01129078e-05  9.99989900e-01 
 1.01229078e-05  9.99989900e-01 
 1.01329078e-05  9.99989900e-01 
 1.01429078e-05  9.99989900e-01 
 1.01529078e-05  9.99989900e-01 
 1.01629078e-05  9.99989900e-01 
 1.01729078e-05  9.99989900e-01 
 1.01829078e-05  9.99989900e-01 
 1.01929078e-05  9.99989900e-01 
 1.02029078e-05  9.99989900e-01 
 1.02129078e-05  9.99989900e-01 
 1.02229078e-05  9.99989900e-01 
 1.02329078e-05  9.99989900e-01 
 1.02429078e-05  9.99989900e-01 
 1.02529078e-05  9.99989900e-01 
 1.02629078e-05  9.99989900e-01 
 1.02729078e-05  9.99989900e-01 
 1.02829078e-05  9.99989900e-01 
 1.02929078e-05  9.99989900e-01 
 1.03029078e-05  9.99989900e-01 
 1.03129078e-05  9.99989900e-01 
 1.03229078e-05  9.99989900e-01 
 1.03329078e-05  9.99989900e-01 
 1.03429078e-05  9.99989900e-01 
 1.03529078e-05  9.99989900e-01 
 1.03629078e-05  9.99989900e-01 
 1.03729078e-05  9.99989900e-01 
 1.03829078e-05  9.99989900e-01 
 1.03929078e-05  9.99989900e-01 
 1.04029078e-05  9.99989900e-01 
 1.04129078e-05  9.99989900e-01 
 1.04229078e-05  9.99989900e-01 
 1.04329078e-05  9.99989900e-01 
 1.04429078e-05  9.99989900e-01 
 1.04529078e-05  9.99989900e-01 
 1.04629078e-05  9.99989900e-01 
 1.04729078e-05  9.99989900e-01 
 1.04829078e-05  9.99989900e-01 
 1.04929078e-05  9.99989900e-01 
 1.05029078e-05  9.99989900e-01 
 1.05129078e-05  9.99989900e-01 
 1.05229078e-05  9.99989900e-01 
 1.05329078e-05  9.99989900e-01 
 1.05429078e-05  9.99989900e-01 
 1.05529078e-05  9.99989900e-01 
 1.05629078e-05  9.99989900e-01 
 1.05729078e-05  9.99989900e-01 
 1.05829078e-05  9.99989900e-01 
 1.05929078e-05  9.99989900e-01 
 1.06029078e-05  9.99989900e-01 
 1.06129078e-05  9.99989900e-01 
 1.06229078e-05  9.99989900e-01 
 1.06329078e-05  9.99989900e-01 
 1.06429078e-05  9.99989900e-01 
 1.06529078e-05  9.99989900e-01 
 1.06629078e-05  9.99989900e-01 
 1.06729078e-05  9.99989900e-01 
 1.06829078e-05  9.99989900e-01 
 1.06929078e-05  9.99989900e-01 
 1.07029078e-05  9.99989900e-01 
 1.07129078e-05  9.99989900e-01 
 1.07229078e-05  9.99989900e-01 
 1.07329078e-05  9.99989900e-01 
 1.07429078e-05  9.99989900e-01 
 1.07529078e-05  9.99989900e-01 
 1.07629078e-05  9.99989900e-01 
 1.07729078e-05  9.99989900e-01 
 1.07829078e-05  9.99989900e-01 
 1.07929078e-05  9.99989900e-01 
 1.08029078e-05  9.99989900e-01 
 1.08129078e-05  9.99989900e-01 
 1.08229078e-05  9.99989900e-01 
 1.08329078e-05  9.99989900e-01 
 1.08429078e-05  9.99989900e-01 
 1.08529078e-05  9.99989900e-01 
 1.08629078e-05  9.99989900e-01 
 1.08729078e-05  9.99989900e-01 
 1.08829078e-05  9.99989900e-01 
 1.08929078e-05  9.99989900e-01 
 1.09029078e-05  9.99989900e-01 
 1.09129078e-05  9.99989900e-01 
 1.09229078e-05  9.99989900e-01 
 1.09329078e-05  9.99989900e-01 
 1.09429078e-05  9.99989900e-01 
 1.09529078e-05  9.99989900e-01 
 1.09629078e-05  9.99989900e-01 
 1.09729078e-05  9.99989900e-01 
 1.09829078e-05  9.99989900e-01 
 1.09929078e-05  9.99989900e-01 
 1.10029078e-05  9.99989900e-01 
 1.10129078e-05  9.99989900e-01 
 1.10229078e-05  9.99989900e-01 
 1.10329078e-05  9.99989900e-01 
 1.10429078e-05  9.99989900e-01 
 1.10529078e-05  9.99989900e-01 
 1.10629078e-05  9.99989900e-01 
 1.10729078e-05  9.99989900e-01 
 1.10829078e-05  9.99989900e-01 
 1.10929078e-05  9.99989900e-01 
 1.11029078e-05  9.99989900e-01 
 1.11129078e-05  9.99989900e-01 
 1.11229078e-05  9.99989900e-01 
 1.11329078e-05  9.99989900e-01 
 1.11429078e-05  9.99989900e-01 
 1.11529078e-05  9.99989900e-01 
 1.11629078e-05  9.99989900e-01 
 1.11729078e-05  9.99989900e-01 
 1.11829078e-05  9.99989900e-01 
 1.11929078e-05  9.99989900e-01 
 1.12029078e-05  9.99989900e-01 
 1.12129078e-05  9.99989900e-01 
 1.12229078e-05  9.99989900e-01 
 1.12329078e-05  9.99989900e-01 
 1.12429078e-05  9.99989900e-01 
 1.12529078e-05  9.99989900e-01 
 1.12629078e-05  9.99989900e-01 
 1.12729078e-05  9.99989900e-01 
 1.12829078e-05  9.99989900e-01 
 1.12929078e-05  9.99989900e-01 
 1.13029078e-05  9.99989900e-01 
 1.13129078e-05  9.99989900e-01 
 1.13229078e-05  9.99989900e-01 
 1.13329078e-05  9.99989900e-01 
 1.13429078e-05  9.99989900e-01 
 1.13529078e-05  9.99989900e-01 
 1.13629078e-05  9.99989900e-01 
 1.13729078e-05  9.99989900e-01 
 1.13829078e-05  9.99989900e-01 
 1.13929078e-05  9.99989900e-01 
 1.14029078e-05  9.99989900e-01 
 1.14129078e-05  9.99989900e-01 
 1.14229078e-05  9.99989900e-01 
 1.14329078e-05  9.99989900e-01 
 1.14429078e-05  9.99989900e-01 
 1.14529078e-05  9.99989900e-01 
 1.14629078e-05  9.99989900e-01 
 1.14729078e-05  9.99989900e-01 
 1.14829078e-05  9.99989900e-01 
 1.14929078e-05  9.99989900e-01 
 1.15029078e-05  9.99989900e-01 
 1.15129078e-05  9.99989900e-01 
 1.15229078e-05  9.99989900e-01 
 1.15329078e-05  9.99989900e-01 
 1.15429078e-05  9.99989900e-01 
 1.15529078e-05  9.99989900e-01 
 1.15629078e-05  9.99989900e-01 
 1.15729078e-05  9.99989900e-01 
 1.15829078e-05  9.99989900e-01 
 1.15929078e-05  9.99989900e-01 
 1.16029078e-05  9.99989900e-01 
 1.16129078e-05  9.99989900e-01 
 1.16229078e-05  9.99989900e-01 
 1.16329078e-05  9.99989900e-01 
 1.16429078e-05  9.99989900e-01 
 1.16529078e-05  9.99989900e-01 
 1.16629078e-05  9.99989900e-01 
 1.16729078e-05  9.99989900e-01 
 1.16829078e-05  9.99989900e-01 
 1.16929078e-05  9.99989900e-01 
 1.17029078e-05  9.99989900e-01 
 1.17129078e-05  9.99989900e-01 
 1.17229078e-05  9.99989900e-01 
 1.17329078e-05  9.99989900e-01 
 1.17429078e-05  9.99989900e-01 
 1.17529078e-05  9.99989900e-01 
 1.17629078e-05  9.99989900e-01 
 1.17729078e-05  9.99989900e-01 
 1.17829078e-05  9.99989900e-01 
 1.17929078e-05  9.99989900e-01 
 1.18029078e-05  9.99989900e-01 
 1.18129078e-05  9.99989900e-01 
 1.18229078e-05  9.99989900e-01 
 1.18329078e-05  9.99989900e-01 
 1.18429078e-05  9.99989900e-01 
 1.18529078e-05  9.99989900e-01 
 1.18629078e-05  9.99989900e-01 
 1.18729078e-05  9.99989900e-01 
 1.18829078e-05  9.99989900e-01 
 1.18929078e-05  9.99989900e-01 
 1.19029078e-05  9.99989900e-01 
 1.19129078e-05  9.99989900e-01 
 1.19229078e-05  9.99989900e-01 
 1.19329078e-05  9.99989900e-01 
 1.19429078e-05  9.99989900e-01 
 1.19529078e-05  9.99989900e-01 
 1.19629078e-05  9.99989900e-01 
 1.19729078e-05  9.99989900e-01 
 1.19829078e-05  9.99989900e-01 
 1.19929078e-05  9.99989900e-01 
 1.20029078e-05  9.99989900e-01 
 1.20129078e-05  9.99989900e-01 
 1.20229078e-05  9.99989900e-01 
 1.20329078e-05  9.99989900e-01 
 1.20429078e-05  9.99989900e-01 
 1.20529078e-05  9.99989900e-01 
 1.20629078e-05  9.99989900e-01 
 1.20729078e-05  9.99989900e-01 
 1.20829078e-05  9.99989900e-01 
 1.20929078e-05  9.99989900e-01 
 1.21029078e-05  9.99989900e-01 
 1.21129078e-05  9.99989900e-01 
 1.21229078e-05  9.99989900e-01 
 1.21329078e-05  9.99989900e-01 
 1.21429078e-05  9.99989900e-01 
 1.21529078e-05  9.99989900e-01 
 1.21629078e-05  9.99989900e-01 
 1.21729078e-05  9.99989900e-01 
 1.21829078e-05  9.99989900e-01 
 1.21929078e-05  9.99989900e-01 
 1.22029078e-05  9.99989900e-01 
 1.22129078e-05  9.99989900e-01 
 1.22229078e-05  9.99989900e-01 
 1.22329078e-05  9.99989900e-01 
 1.22429078e-05  9.99989900e-01 
 1.22529078e-05  9.99989900e-01 
 1.22629078e-05  9.99989900e-01 
 1.22729078e-05  9.99989900e-01 
 1.22829078e-05  9.99989900e-01 
 1.22929078e-05  9.99989900e-01 
 1.23029078e-05  9.99989900e-01 
 1.23129078e-05  9.99989900e-01 
 1.23229078e-05  9.99989900e-01 
 1.23329078e-05  9.99989900e-01 
 1.23429078e-05  9.99989900e-01 
 1.23529078e-05  9.99989900e-01 
 1.23629078e-05  9.99989900e-01 
 1.23729078e-05  9.99989900e-01 
 1.23829078e-05  9.99989900e-01 
 1.23929078e-05  9.99989900e-01 
 1.24029078e-05  9.99989900e-01 
 1.24129078e-05  9.99989900e-01 
 1.24229078e-05  9.99989900e-01 
 1.24329078e-05  9.99989900e-01 
 1.24429078e-05  9.99989900e-01 
 1.24529078e-05  9.99989900e-01 
 1.24629078e-05  9.99989900e-01 
 1.24729078e-05  9.99989900e-01 
 1.24829078e-05  9.99989900e-01 
 1.24929078e-05  9.99989900e-01 
 1.25029078e-05  9.99989900e-01 
 1.25129078e-05  9.99989900e-01 
 1.25229078e-05  9.99989900e-01 
 1.25329078e-05  9.99989900e-01 
 1.25429078e-05  9.99989900e-01 
 1.25529078e-05  9.99989900e-01 
 1.25629078e-05  9.99989900e-01 
 1.25729078e-05  9.99989900e-01 
 1.25829078e-05  9.99989900e-01 
 1.25929078e-05  9.99989900e-01 
 1.26029078e-05  9.99989900e-01 
 1.26129078e-05  9.99989900e-01 
 1.26229078e-05  9.99989900e-01 
 1.26329078e-05  9.99989900e-01 
 1.26429078e-05  9.99989900e-01 
 1.26529078e-05  9.99989900e-01 
 1.26629078e-05  9.99989900e-01 
 1.26729078e-05  9.99989900e-01 
 1.26829078e-05  9.99989900e-01 
 1.26929078e-05  9.99989900e-01 
 1.27029078e-05  9.99989900e-01 
 1.27129078e-05  9.99989900e-01 
 1.27229078e-05  9.99989900e-01 
 1.27329078e-05  9.99989900e-01 
 1.27429078e-05  9.99989900e-01 
 1.27529078e-05  9.99989900e-01 
 1.27629078e-05  9.99989900e-01 
 1.27729078e-05  9.99989900e-01 
 1.27829078e-05  9.99989900e-01 
 1.27929078e-05  9.99989900e-01 
 1.28029078e-05  9.99989900e-01 
 1.28129078e-05  9.99989900e-01 
 1.28229078e-05  9.99989900e-01 
 1.28329078e-05  9.99989900e-01 
 1.28429078e-05  9.99989900e-01 
 1.28529078e-05  9.99989900e-01 
 1.28629078e-05  9.99989900e-01 
 1.28729078e-05  9.99989900e-01 
 1.28829078e-05  9.99989900e-01 
 1.28929078e-05  9.99989900e-01 
 1.29029078e-05  9.99989900e-01 
 1.29129078e-05  9.99989900e-01 
 1.29229078e-05  9.99989900e-01 
 1.29329078e-05  9.99989900e-01 
 1.29429078e-05  9.99989900e-01 
 1.29529078e-05  9.99989900e-01 
 1.29629078e-05  9.99989900e-01 
 1.29729078e-05  9.99989900e-01 
 1.29829078e-05  9.99989900e-01 
 1.29929078e-05  9.99989900e-01 
 1.30029078e-05  9.99989900e-01 
 1.30129078e-05  9.99989900e-01 
 1.30229078e-05  9.99989900e-01 
 1.30329078e-05  9.99989900e-01 
 1.30429078e-05  9.99989900e-01 
 1.30529078e-05  9.99989900e-01 
 1.30629078e-05  9.99989900e-01 
 1.30729078e-05  9.99989900e-01 
 1.30829078e-05  9.99989900e-01 
 1.30929078e-05  9.99989900e-01 
 1.31029078e-05  9.99989900e-01 
 1.31129078e-05  9.99989900e-01 
 1.31229078e-05  9.99989900e-01 
 1.31329078e-05  9.99989900e-01 
 1.31429078e-05  9.99989900e-01 
 1.31529078e-05  9.99989900e-01 
 1.31629078e-05  9.99989900e-01 
 1.31729078e-05  9.99989900e-01 
 1.31829078e-05  9.99989900e-01 
 1.31929078e-05  9.99989900e-01 
 1.32029078e-05  9.99989900e-01 
 1.32129078e-05  9.99989900e-01 
 1.32229078e-05  9.99989900e-01 
 1.32329078e-05  9.99989900e-01 
 1.32429078e-05  9.99989900e-01 
 1.32529078e-05  9.99989900e-01 
 1.32629078e-05  9.99989900e-01 
 1.32729078e-05  9.99989900e-01 
 1.32829078e-05  9.99989900e-01 
 1.32929078e-05  9.99989900e-01 
 1.33029078e-05  9.99989900e-01 
 1.33129078e-05  9.99989900e-01 
 1.33229078e-05  9.99989900e-01 
 1.33329078e-05  9.99989900e-01 
 1.33429078e-05  9.99989900e-01 
 1.33529078e-05  9.99989900e-01 
 1.33629078e-05  9.99989900e-01 
 1.33729078e-05  9.99989900e-01 
 1.33829078e-05  9.99989900e-01 
 1.33929078e-05  9.99989900e-01 
 1.34029078e-05  9.99989900e-01 
 1.34129078e-05  9.99989900e-01 
 1.34229078e-05  9.99989900e-01 
 1.34329078e-05  9.99989900e-01 
 1.34429078e-05  9.99989900e-01 
 1.34529078e-05  9.99989900e-01 
 1.34629078e-05  9.99989900e-01 
 1.34729078e-05  9.99989900e-01 
 1.34829078e-05  9.99989900e-01 
 1.34929078e-05  9.99989900e-01 
 1.35029078e-05  9.99989900e-01 
 1.35129078e-05  9.99989900e-01 
 1.35229078e-05  9.99989900e-01 
 1.35329078e-05  9.99989900e-01 
 1.35429078e-05  9.99989900e-01 
 1.35529078e-05  9.99989900e-01 
 1.35629078e-05  9.99989900e-01 
 1.35729078e-05  9.99989900e-01 
 1.35829078e-05  9.99989900e-01 
 1.35929078e-05  9.99989900e-01 
 1.36029078e-05  9.99989900e-01 
 1.36129078e-05  9.99989900e-01 
 1.36229078e-05  9.99989900e-01 
 1.36329078e-05  9.99989900e-01 
 1.36429078e-05  9.99989900e-01 
 1.36529078e-05  9.99989900e-01 
 1.36629078e-05  9.99989900e-01 
 1.36729078e-05  9.99989900e-01 
 1.36829078e-05  9.99989900e-01 
 1.36929078e-05  9.99989900e-01 
 1.37029078e-05  9.99989900e-01 
 1.37129078e-05  9.99989900e-01 
 1.37229078e-05  9.99989900e-01 
 1.37329078e-05  9.99989900e-01 
 1.37429078e-05  9.99989900e-01 
 1.37529078e-05  9.99989900e-01 
 1.37629078e-05  9.99989900e-01 
 1.37729078e-05  9.99989900e-01 
 1.37829078e-05  9.99989900e-01 
 1.37929078e-05  9.99989900e-01 
 1.38029078e-05  9.99989900e-01 
 1.38129078e-05  9.99989900e-01 
 1.38229078e-05  9.99989900e-01 
 1.38329078e-05  9.99989900e-01 
 1.38429078e-05  9.99989900e-01 
 1.38529078e-05  9.99989900e-01 
 1.38629078e-05  9.99989900e-01 
 1.38729078e-05  9.99989900e-01 
 1.38829078e-05  9.99989900e-01 
 1.38929078e-05  9.99989900e-01 
 1.39029078e-05  9.99989900e-01 
 1.39129078e-05  9.99989900e-01 
 1.39229078e-05  9.99989900e-01 
 1.39329078e-05  9.99989900e-01 
 1.39429078e-05  9.99989900e-01 
 1.39529078e-05  9.99989900e-01 
 1.39629078e-05  9.99989900e-01 
 1.39729078e-05  9.99989900e-01 
 1.39829078e-05  9.99989900e-01 
 1.39929078e-05  9.99989900e-01 
 1.40029078e-05  9.99989900e-01 
 1.40129078e-05  9.99989900e-01 
 1.40229078e-05  9.99989900e-01 
 1.40329078e-05  9.99989900e-01 
 1.40429078e-05  9.99989900e-01 
 1.40529078e-05  9.99989900e-01 
 1.40629078e-05  9.99989900e-01 
 1.40729078e-05  9.99989900e-01 
 1.40829078e-05  9.99989900e-01 
 1.40929078e-05  9.99989900e-01 
 1.41029078e-05  9.99989900e-01 
 1.41129078e-05  9.99989900e-01 
 1.41229078e-05  9.99989900e-01 
 1.41329078e-05  9.99989900e-01 
 1.41429078e-05  9.99989900e-01 
 1.41529078e-05  9.99989900e-01 
 1.41629078e-05  9.99989900e-01 
 1.41729078e-05  9.99989900e-01 
 1.41829078e-05  9.99989900e-01 
 1.41929078e-05  9.99989900e-01 
 1.42029078e-05  9.99989900e-01 
 1.42129078e-05  9.99989900e-01 
 1.42229078e-05  9.99989900e-01 
 1.42329078e-05  9.99989900e-01 
 1.42429078e-05  9.99989900e-01 
 1.42529078e-05  9.99989900e-01 
 1.42629078e-05  9.99989900e-01 
 1.42729078e-05  9.99989900e-01 
 1.42829078e-05  9.99989900e-01 
 1.42929078e-05  9.99989900e-01 
 1.43029078e-05  9.99989900e-01 
 1.43129078e-05  9.99989900e-01 
 1.43229078e-05  9.99989900e-01 
 1.43329078e-05  9.99989900e-01 
 1.43429078e-05  9.99989900e-01 
 1.43529078e-05  9.99989900e-01 
 1.43629078e-05  9.99989900e-01 
 1.43729078e-05  9.99989900e-01 
 1.43829078e-05  9.99989900e-01 
 1.43929078e-05  9.99989900e-01 
 1.44029078e-05  9.99989900e-01 
 1.44129078e-05  9.99989900e-01 
 1.44229078e-05  9.99989900e-01 
 1.44329078e-05  9.99989900e-01 
 1.44429078e-05  9.99989900e-01 
 1.44529078e-05  9.99989900e-01 
 1.44629078e-05  9.99989900e-01 
 1.44729078e-05  9.99989900e-01 
 1.44829078e-05  9.99989900e-01 
 1.44929078e-05  9.99989900e-01 
 1.45029078e-05  9.99989900e-01 
 1.45129078e-05  9.99989900e-01 
 1.45229078e-05  9.99989900e-01 
 1.45329078e-05  9.99989900e-01 
 1.45429078e-05  9.99989900e-01 
 1.45529078e-05  9.99989900e-01 
 1.45629078e-05  9.99989900e-01 
 1.45729078e-05  9.99989900e-01 
 1.45829078e-05  9.99989900e-01 
 1.45929078e-05  9.99989900e-01 
 1.46029078e-05  9.99989900e-01 
 1.46129078e-05  9.99989900e-01 
 1.46229078e-05  9.99989900e-01 
 1.46329078e-05  9.99989900e-01 
 1.46429078e-05  9.99989900e-01 
 1.46529078e-05  9.99989900e-01 
 1.46629078e-05  9.99989900e-01 
 1.46729078e-05  9.99989900e-01 
 1.46829078e-05  9.99989900e-01 
 1.46929078e-05  9.99989900e-01 
 1.47029078e-05  9.99989900e-01 
 1.47129078e-05  9.99989900e-01 
 1.47229078e-05  9.99989900e-01 
 1.47329078e-05  9.99989900e-01 
 1.47429078e-05  9.99989900e-01 
 1.47529078e-05  9.99989900e-01 
 1.47629078e-05  9.99989900e-01 
 1.47729078e-05  9.99989900e-01 
 1.47829078e-05  9.99989900e-01 
 1.47929078e-05  9.99989900e-01 
 1.48029078e-05  9.99989900e-01 
 1.48129078e-05  9.99989900e-01 
 1.48229078e-05  9.99989900e-01 
 1.48329078e-05  9.99989900e-01 
 1.48429078e-05  9.99989900e-01 
 1.48529078e-05  9.99989900e-01 
 1.48629078e-05  9.99989900e-01 
 1.48729078e-05  9.99989900e-01 
 1.48829078e-05  9.99989900e-01 
 1.48929078e-05  9.99989900e-01 
 1.49029078e-05  9.99989900e-01 
 1.49129078e-05  9.99989900e-01 
 1.49229078e-05  9.99989900e-01 
 1.49329078e-05  9.99989900e-01 
 1.49429078e-05  9.99989900e-01 
 1.49529078e-05  9.99989900e-01 
 1.49629078e-05  9.99989900e-01 
 1.49729078e-05  9.99989900e-01 
 1.49829078e-05  9.99989900e-01 
 1.49929078e-05  9.99989900e-01 
 1.50029078e-05  9.99989900e-01 
 1.50129078e-05  9.99989900e-01 
 1.50229078e-05  9.99989900e-01 
 1.50329078e-05  9.99989900e-01 
 1.50429078e-05  9.99989900e-01 
 1.50529078e-05  9.99989900e-01 
 1.50629078e-05  9.99989900e-01 
 1.50729078e-05  9.99989900e-01 
 1.50829078e-05  9.99989900e-01 
 1.50929078e-05  9.99989900e-01 
 1.51029078e-05  9.99989900e-01 
 1.51129078e-05  9.99989900e-01 
 1.51229078e-05  9.99989900e-01 
 1.51329078e-05  9.99989900e-01 
 1.51429078e-05  9.99989900e-01 
 1.51529078e-05  9.99989900e-01 
 1.51629078e-05  9.99989900e-01 
 1.51729078e-05  9.99989900e-01 
 1.51829078e-05  9.99989900e-01 
 1.51929078e-05  9.99989900e-01 
 1.52029078e-05  9.99989900e-01 
 1.52129078e-05  9.99989900e-01 
 1.52229078e-05  9.99989900e-01 
 1.52329078e-05  9.99989900e-01 
 1.52429078e-05  9.99989900e-01 
 1.52529078e-05  9.99989900e-01 
 1.52629078e-05  9.99989900e-01 
 1.52729078e-05  9.99989900e-01 
 1.52829078e-05  9.99989900e-01 
 1.52929078e-05  9.99989900e-01 
 1.53029078e-05  9.99989900e-01 
 1.53129078e-05  9.99989900e-01 
 1.53229078e-05  9.99989900e-01 
 1.53329078e-05  9.99989900e-01 
 1.53429078e-05  9.99989900e-01 
 1.53529078e-05  9.99989900e-01 
 1.53629078e-05  9.99989900e-01 
 1.53729078e-05  9.99989900e-01 
 1.53829078e-05  9.99989900e-01 
 1.53929078e-05  9.99989900e-01 
 1.54029078e-05  9.99989900e-01 
 1.54129078e-05  9.99989900e-01 
 1.54229078e-05  9.99989900e-01 
 1.54329078e-05  9.99989900e-01 
 1.54429078e-05  9.99989900e-01 
 1.54529078e-05  9.99989900e-01 
 1.54629078e-05  9.99989900e-01 
 1.54729078e-05  9.99989900e-01 
 1.54829078e-05  9.99989900e-01 
 1.54929078e-05  9.99989900e-01 
 1.55029078e-05  9.99989900e-01 
 1.55129078e-05  9.99989900e-01 
 1.55229078e-05  9.99989900e-01 
 1.55329078e-05  9.99989900e-01 
 1.55429078e-05  9.99989900e-01 
 1.55529078e-05  9.99989900e-01 
 1.55629078e-05  9.99989900e-01 
 1.55729078e-05  9.99989900e-01 
 1.55829078e-05  9.99989900e-01 
 1.55929078e-05  9.99989900e-01 
 1.56029078e-05  9.99989900e-01 
 1.56129078e-05  9.99989900e-01 
 1.56229078e-05  9.99989900e-01 
 1.56329078e-05  9.99989900e-01 
 1.56429078e-05  9.99989900e-01 
 1.56529078e-05  9.99989900e-01 
 1.56629078e-05  9.99989900e-01 
 1.56729078e-05  9.99989900e-01 
 1.56829078e-05  9.99989900e-01 
 1.56929078e-05  9.99989900e-01 
 1.57029078e-05  9.99989900e-01 
 1.57129078e-05  9.99989900e-01 
 1.57229078e-05  9.99989900e-01 
 1.57329078e-05  9.99989900e-01 
 1.57429078e-05  9.99989900e-01 
 1.57529078e-05  9.99989900e-01 
 1.57629078e-05  9.99989900e-01 
 1.57729078e-05  9.99989900e-01 
 1.57829078e-05  9.99989900e-01 
 1.57929078e-05  9.99989900e-01 
 1.58029078e-05  9.99989900e-01 
 1.58129078e-05  9.99989900e-01 
 1.58229078e-05  9.99989900e-01 
 1.58329078e-05  9.99989900e-01 
 1.58429078e-05  9.99989900e-01 
 1.58529078e-05  9.99989900e-01 
 1.58629078e-05  9.99989900e-01 
 1.58729078e-05  9.99989900e-01 
 1.58829078e-05  9.99989900e-01 
 1.58929078e-05  9.99989900e-01 
 1.59029078e-05  9.99989900e-01 
 1.59129078e-05  9.99989900e-01 
 1.59229078e-05  9.99989900e-01 
 1.59329078e-05  9.99989900e-01 
 1.59429078e-05  9.99989900e-01 
 1.59529078e-05  9.99989900e-01 
 1.59629078e-05  9.99989900e-01 
 1.59729078e-05  9.99989900e-01 
 1.59829078e-05  9.99989900e-01 
 1.59929078e-05  9.99989900e-01 
 1.60029078e-05  9.99989900e-01 
 1.60129078e-05  9.99989900e-01 
 1.60229078e-05  9.99989900e-01 
 1.60329078e-05  9.99989900e-01 
 1.60429078e-05  9.99989900e-01 
 1.60529078e-05  9.99989900e-01 
 1.60629078e-05  9.99989900e-01 
 1.60729078e-05  9.99989900e-01 
 1.60829078e-05  9.99989900e-01 
 1.60929078e-05  9.99989900e-01 
 1.61029078e-05  9.99989900e-01 
 1.61129078e-05  9.99989900e-01 
 1.61229078e-05  9.99989900e-01 
 1.61329078e-05  9.99989900e-01 
 1.61429078e-05  9.99989900e-01 
 1.61529078e-05  9.99989900e-01 
 1.61629078e-05  9.99989900e-01 
 1.61729078e-05  9.99989900e-01 
 1.61829078e-05  9.99989900e-01 
 1.61929078e-05  9.99989900e-01 
 1.62029078e-05  9.99989900e-01 
 1.62129078e-05  9.99989900e-01 
 1.62229078e-05  9.99989900e-01 
 1.62329078e-05  9.99989900e-01 
 1.62429078e-05  9.99989900e-01 
 1.62529078e-05  9.99989900e-01 
 1.62629078e-05  9.99989900e-01 
 1.62729078e-05  9.99989900e-01 
 1.62829078e-05  9.99989900e-01 
 1.62929078e-05  9.99989900e-01 
 1.63029078e-05  9.99989900e-01 
 1.63129078e-05  9.99989900e-01 
 1.63229078e-05  9.99989900e-01 
 1.63329078e-05  9.99989900e-01 
 1.63429078e-05  9.99989900e-01 
 1.63529078e-05  9.99989900e-01 
 1.63629078e-05  9.99989900e-01 
 1.63729078e-05  9.99989900e-01 
 1.63829078e-05  9.99989900e-01 
 1.63929078e-05  9.99989900e-01 
 1.64029078e-05  9.99989900e-01 
 1.64129078e-05  9.99989900e-01 
 1.64229078e-05  9.99989900e-01 
 1.64329078e-05  9.99989900e-01 
 1.64429078e-05  9.99989900e-01 
 1.64529078e-05  9.99989900e-01 
 1.64629078e-05  9.99989900e-01 
 1.64729078e-05  9.99989900e-01 
 1.64829078e-05  9.99989900e-01 
 1.64929078e-05  9.99989900e-01 
 1.65029078e-05  9.99989900e-01 
 1.65129078e-05  9.99989900e-01 
 1.65229078e-05  9.99989900e-01 
 1.65329078e-05  9.99989900e-01 
 1.65429078e-05  9.99989900e-01 
 1.65529078e-05  9.99989900e-01 
 1.65629078e-05  9.99989900e-01 
 1.65729078e-05  9.99989900e-01 
 1.65829078e-05  9.99989900e-01 
 1.65929078e-05  9.99989900e-01 
 1.66029078e-05  9.99989900e-01 
 1.66129078e-05  9.99989900e-01 
 1.66229078e-05  9.99989900e-01 
 1.66329078e-05  9.99989900e-01 
 1.66429078e-05  9.99989900e-01 
 1.66529078e-05  9.99989900e-01 
 1.66629078e-05  9.99989900e-01 
 1.66729078e-05  9.99989900e-01 
 1.66829078e-05  9.99989900e-01 
 1.66929078e-05  9.99989900e-01 
 1.67029078e-05  9.99989900e-01 
 1.67129078e-05  9.99989900e-01 
 1.67229078e-05  9.99989900e-01 
 1.67329078e-05  9.99989900e-01 
 1.67429078e-05  9.99989900e-01 
 1.67529078e-05  9.99989900e-01 
 1.67629078e-05  9.99989900e-01 
 1.67729078e-05  9.99989900e-01 
 1.67829078e-05  9.99989900e-01 
 1.67929078e-05  9.99989900e-01 
 1.68029078e-05  9.99989900e-01 
 1.68129078e-05  9.99989900e-01 
 1.68229078e-05  9.99989900e-01 
 1.68329078e-05  9.99989900e-01 
 1.68429078e-05  9.99989900e-01 
 1.68529078e-05  9.99989900e-01 
 1.68629078e-05  9.99989900e-01 
 1.68729078e-05  9.99989900e-01 
 1.68829078e-05  9.99989900e-01 
 1.68929078e-05  9.99989900e-01 
 1.69029078e-05  9.99989900e-01 
 1.69129078e-05  9.99989900e-01 
 1.69229078e-05  9.99989900e-01 
 1.69329078e-05  9.99989900e-01 
 1.69429078e-05  9.99989900e-01 
 1.69529078e-05  9.99989900e-01 
 1.69629078e-05  9.99989900e-01 
 1.69729078e-05  9.99989900e-01 
 1.69829078e-05  9.99989900e-01 
 1.69929078e-05  9.99989900e-01 
 1.70029078e-05  9.99989900e-01 
 1.70129078e-05  9.99989900e-01 
 1.70229078e-05  9.99989900e-01 
 1.70329078e-05  9.99989900e-01 
 1.70429078e-05  9.99989900e-01 
 1.70529078e-05  9.99989900e-01 
 1.70629078e-05  9.99989900e-01 
 1.70729078e-05  9.99989900e-01 
 1.70829078e-05  9.99989900e-01 
 1.70929078e-05  9.99989900e-01 
 1.71029078e-05  9.99989900e-01 
 1.71129078e-05  9.99989900e-01 
 1.71229078e-05  9.99989900e-01 
 1.71329078e-05  9.99989900e-01 
 1.71429078e-05  9.99989900e-01 
 1.71529078e-05  9.99989900e-01 
 1.71629078e-05  9.99989900e-01 
 1.71729078e-05  9.99989900e-01 
 1.71829078e-05  9.99989900e-01 
 1.71929078e-05  9.99989900e-01 
 1.72029078e-05  9.99989900e-01 
 1.72129078e-05  9.99989900e-01 
 1.72229078e-05  9.99989900e-01 
 1.72329078e-05  9.99989900e-01 
 1.72429078e-05  9.99989900e-01 
 1.72529078e-05  9.99989900e-01 
 1.72629078e-05  9.99989900e-01 
 1.72729078e-05  9.99989900e-01 
 1.72829078e-05  9.99989900e-01 
 1.72929078e-05  9.99989900e-01 
 1.73029078e-05  9.99989900e-01 
 1.73129078e-05  9.99989900e-01 
 1.73229078e-05  9.99989900e-01 
 1.73329078e-05  9.99989900e-01 
 1.73429078e-05  9.99989900e-01 
 1.73529078e-05  9.99989900e-01 
 1.73629078e-05  9.99989900e-01 
 1.73729078e-05  9.99989900e-01 
 1.73829078e-05  9.99989900e-01 
 1.73929078e-05  9.99989900e-01 
 1.74029078e-05  9.99989900e-01 
 1.74129078e-05  9.99989900e-01 
 1.74229078e-05  9.99989900e-01 
 1.74329078e-05  9.99989900e-01 
 1.74429078e-05  9.99989900e-01 
 1.74529078e-05  9.99989900e-01 
 1.74629078e-05  9.99989900e-01 
 1.74729078e-05  9.99989900e-01 
 1.74829078e-05  9.99989900e-01 
 1.74929078e-05  9.99989900e-01 
 1.75029078e-05  9.99989900e-01 
 1.75129078e-05  9.99989900e-01 
 1.75229078e-05  9.99989900e-01 
 1.75329078e-05  9.99989900e-01 
 1.75429078e-05  9.99989900e-01 
 1.75529078e-05  9.99989900e-01 
 1.75629078e-05  9.99989900e-01 
 1.75729078e-05  9.99989900e-01 
 1.75829078e-05  9.99989900e-01 
 1.75929078e-05  9.99989900e-01 
 1.76029078e-05  9.99989900e-01 
 1.76129078e-05  9.99989900e-01 
 1.76229078e-05  9.99989900e-01 
 1.76329078e-05  9.99989900e-01 
 1.76429078e-05  9.99989900e-01 
 1.76529078e-05  9.99989900e-01 
 1.76629078e-05  9.99989900e-01 
 1.76729078e-05  9.99989900e-01 
 1.76829078e-05  9.99989900e-01 
 1.76929078e-05  9.99989900e-01 
 1.77029078e-05  9.99989900e-01 
 1.77129078e-05  9.99989900e-01 
 1.77229078e-05  9.99989900e-01 
 1.77329078e-05  9.99989900e-01 
 1.77429078e-05  9.99989900e-01 
 1.77529078e-05  9.99989900e-01 
 1.77629078e-05  9.99989900e-01 
 1.77729078e-05  9.99989900e-01 
 1.77829078e-05  9.99989900e-01 
 1.77929078e-05  9.99989900e-01 
 1.78029078e-05  9.99989900e-01 
 1.78129078e-05  9.99989900e-01 
 1.78229078e-05  9.99989900e-01 
 1.78329078e-05  9.99989900e-01 
 1.78429078e-05  9.99989900e-01 
 1.78529078e-05  9.99989900e-01 
 1.78629078e-05  9.99989900e-01 
 1.78729078e-05  9.99989900e-01 
 1.78829078e-05  9.99989900e-01 
 1.78929078e-05  9.99989900e-01 
 1.79029078e-05  9.99989900e-01 
 1.79129078e-05  9.99989900e-01 
 1.79229078e-05  9.99989900e-01 
 1.79329078e-05  9.99989900e-01 
 1.79429078e-05  9.99989900e-01 
 1.79529078e-05  9.99989900e-01 
 1.79629078e-05  9.99989900e-01 
 1.79729078e-05  9.99989900e-01 
 1.79829078e-05  9.99989900e-01 
 1.79929078e-05  9.99989900e-01 
 1.80029078e-05  9.99989900e-01 
 1.80129078e-05  9.99989900e-01 
 1.80229078e-05  9.99989900e-01 
 1.80329078e-05  9.99989900e-01 
 1.80429078e-05  9.99989900e-01 
 1.80529078e-05  9.99989900e-01 
 1.80629078e-05  9.99989900e-01 
 1.80729078e-05  9.99989900e-01 
 1.80829078e-05  9.99989900e-01 
 1.80929078e-05  9.99989900e-01 
 1.81029078e-05  9.99989900e-01 
 1.81129078e-05  9.99989900e-01 
 1.81229078e-05  9.99989900e-01 
 1.81329078e-05  9.99989900e-01 
 1.81429078e-05  9.99989900e-01 
 1.81529078e-05  9.99989900e-01 
 1.81629078e-05  9.99989900e-01 
 1.81729078e-05  9.99989900e-01 
 1.81829078e-05  9.99989900e-01 
 1.81929078e-05  9.99989900e-01 
 1.82029078e-05  9.99989900e-01 
 1.82129078e-05  9.99989900e-01 
 1.82229078e-05  9.99989900e-01 
 1.82329078e-05  9.99989900e-01 
 1.82429078e-05  9.99989900e-01 
 1.82529078e-05  9.99989900e-01 
 1.82629078e-05  9.99989900e-01 
 1.82729078e-05  9.99989900e-01 
 1.82829078e-05  9.99989900e-01 
 1.82929078e-05  9.99989900e-01 
 1.83029078e-05  9.99989900e-01 
 1.83129078e-05  9.99989900e-01 
 1.83229078e-05  9.99989900e-01 
 1.83329078e-05  9.99989900e-01 
 1.83429078e-05  9.99989900e-01 
 1.83529078e-05  9.99989900e-01 
 1.83629078e-05  9.99989900e-01 
 1.83729078e-05  9.99989900e-01 
 1.83829078e-05  9.99989900e-01 
 1.83929078e-05  9.99989900e-01 
 1.84029078e-05  9.99989900e-01 
 1.84129078e-05  9.99989900e-01 
 1.84229078e-05  9.99989900e-01 
 1.84329078e-05  9.99989900e-01 
 1.84429078e-05  9.99989900e-01 
 1.84529078e-05  9.99989900e-01 
 1.84629078e-05  9.99989900e-01 
 1.84729078e-05  9.99989900e-01 
 1.84829078e-05  9.99989900e-01 
 1.84929078e-05  9.99989900e-01 
 1.85029078e-05  9.99989900e-01 
 1.85129078e-05  9.99989900e-01 
 1.85229078e-05  9.99989900e-01 
 1.85329078e-05  9.99989900e-01 
 1.85429078e-05  9.99989900e-01 
 1.85529078e-05  9.99989900e-01 
 1.85629078e-05  9.99989900e-01 
 1.85729078e-05  9.99989900e-01 
 1.85829078e-05  9.99989900e-01 
 1.85929078e-05  9.99989900e-01 
 1.86029078e-05  9.99989900e-01 
 1.86129078e-05  9.99989900e-01 
 1.86229078e-05  9.99989900e-01 
 1.86329078e-05  9.99989900e-01 
 1.86429078e-05  9.99989900e-01 
 1.86529078e-05  9.99989900e-01 
 1.86629078e-05  9.99989900e-01 
 1.86729078e-05  9.99989900e-01 
 1.86829078e-05  9.99989900e-01 
 1.86929078e-05  9.99989900e-01 
 1.87029078e-05  9.99989900e-01 
 1.87129078e-05  9.99989900e-01 
 1.87229078e-05  9.99989900e-01 
 1.87329078e-05  9.99989900e-01 
 1.87429078e-05  9.99989900e-01 
 1.87529078e-05  9.99989900e-01 
 1.87629078e-05  9.99989900e-01 
 1.87729078e-05  9.99989900e-01 
 1.87829078e-05  9.99989900e-01 
 1.87929078e-05  9.99989900e-01 
 1.88029078e-05  9.99989900e-01 
 1.88129078e-05  9.99989900e-01 
 1.88229078e-05  9.99989900e-01 
 1.88329078e-05  9.99989900e-01 
 1.88429078e-05  9.99989900e-01 
 1.88529078e-05  9.99989900e-01 
 1.88629078e-05  9.99989900e-01 
 1.88729078e-05  9.99989900e-01 
 1.88829078e-05  9.99989900e-01 
 1.88929078e-05  9.99989900e-01 
 1.89029078e-05  9.99989900e-01 
 1.89129078e-05  9.99989900e-01 
 1.89229078e-05  9.99989900e-01 
 1.89329078e-05  9.99989900e-01 
 1.89429078e-05  9.99989900e-01 
 1.89529078e-05  9.99989900e-01 
 1.89629078e-05  9.99989900e-01 
 1.89729078e-05  9.99989900e-01 
 1.89829078e-05  9.99989900e-01 
 1.89929078e-05  9.99989900e-01 
 1.90029078e-05  9.99989900e-01 
 1.90129078e-05  9.99989900e-01 
 1.90229078e-05  9.99989900e-01 
 1.90329078e-05  9.99989900e-01 
 1.90429078e-05  9.99989900e-01 
 1.90529078e-05  9.99989900e-01 
 1.90629078e-05  9.99989900e-01 
 1.90729078e-05  9.99989900e-01 
 1.90829078e-05  9.99989900e-01 
 1.90929078e-05  9.99989900e-01 
 1.91029078e-05  9.99989900e-01 
 1.91129078e-05  9.99989900e-01 
 1.91229078e-05  9.99989900e-01 
 1.91329078e-05  9.99989900e-01 
 1.91429078e-05  9.99989900e-01 
 1.91529078e-05  9.99989900e-01 
 1.91629078e-05  9.99989900e-01 
 1.91729078e-05  9.99989900e-01 
 1.91829078e-05  9.99989900e-01 
 1.91929078e-05  9.99989900e-01 
 1.92029078e-05  9.99989900e-01 
 1.92129078e-05  9.99989900e-01 
 1.92229078e-05  9.99989900e-01 
 1.92329078e-05  9.99989900e-01 
 1.92429078e-05  9.99989900e-01 
 1.92529078e-05  9.99989900e-01 
 1.92629078e-05  9.99989900e-01 
 1.92729078e-05  9.99989900e-01 
 1.92829078e-05  9.99989900e-01 
 1.92929078e-05  9.99989900e-01 
 1.93029078e-05  9.99989900e-01 
 1.93129078e-05  9.99989900e-01 
 1.93229078e-05  9.99989900e-01 
 1.93329078e-05  9.99989900e-01 
 1.93429078e-05  9.99989900e-01 
 1.93529078e-05  9.99989900e-01 
 1.93629078e-05  9.99989900e-01 
 1.93729078e-05  9.99989900e-01 
 1.93829078e-05  9.99989900e-01 
 1.93929078e-05  9.99989900e-01 
 1.94029078e-05  9.99989900e-01 
 1.94129078e-05  9.99989900e-01 
 1.94229078e-05  9.99989900e-01 
 1.94329078e-05  9.99989900e-01 
 1.94429078e-05  9.99989900e-01 
 1.94529078e-05  9.99989900e-01 
 1.94629078e-05  9.99989900e-01 
 1.94729078e-05  9.99989900e-01 
 1.94829078e-05  9.99989900e-01 
 1.94929078e-05  9.99989900e-01 
 1.95029078e-05  9.99989900e-01 
 1.95129078e-05  9.99989900e-01 
 1.95229078e-05  9.99989900e-01 
 1.95329078e-05  9.99989900e-01 
 1.95429078e-05  9.99989900e-01 
 1.95529078e-05  9.99989900e-01 
 1.95629078e-05  9.99989900e-01 
 1.95729078e-05  9.99989900e-01 
 1.95829078e-05  9.99989900e-01 
 1.95929078e-05  9.99989900e-01 
 1.96029078e-05  9.99989900e-01 
 1.96129078e-05  9.99989900e-01 
 1.96229078e-05  9.99989900e-01 
 1.96329078e-05  9.99989900e-01 
 1.96429078e-05  9.99989900e-01 
 1.96529078e-05  9.99989900e-01 
 1.96629078e-05  9.99989900e-01 
 1.96729078e-05  9.99989900e-01 
 1.96829078e-05  9.99989900e-01 
 1.96929078e-05  9.99989900e-01 
 1.97029078e-05  9.99989900e-01 
 1.97129078e-05  9.99989900e-01 
 1.97229078e-05  9.99989900e-01 
 1.97329078e-05  9.99989900e-01 
 1.97429078e-05  9.99989900e-01 
 1.97529078e-05  9.99989900e-01 
 1.97629078e-05  9.99989900e-01 
 1.97729078e-05  9.99989900e-01 
 1.97829078e-05  9.99989900e-01 
 1.97929078e-05  9.99989900e-01 
 1.98029078e-05  9.99989900e-01 
 1.98129078e-05  9.99989900e-01 
 1.98229078e-05  9.99989900e-01 
 1.98329078e-05  9.99989900e-01 
 1.98429078e-05  9.99989900e-01 
 1.98529078e-05  9.99989900e-01 
 1.98629078e-05  9.99989900e-01 
 1.98729078e-05  9.99989900e-01 
 1.98829078e-05  9.99989900e-01 
 1.98929078e-05  9.99989900e-01 
 1.99029078e-05  9.99989900e-01 
 1.99129078e-05  9.99989900e-01 
 1.99229078e-05  9.99989900e-01 
 1.99329078e-05  9.99989900e-01 
 1.99429078e-05  9.99989900e-01 
 1.99529078e-05  9.99989900e-01 
 1.99629078e-05  9.99989900e-01 
 1.99729078e-05  9.99989900e-01 
 1.99829078e-05  9.99989900e-01 
 1.99929078e-05  9.99989900e-01 
 2.00000000e-05  9.99989900e-01 
